0.50502 -0.862377 0.0355041 0.712368 0.86278 0.505535 0.00678203 0.541586 -0.0237972 0.0272072 0.999346 0.771262
0.50502 -0.862377 0.0355041 0.712368 0.86278 0.505535 0.00678203 0.541586 -0.0237972 0.0272072 0.999346 0.771262
0.50502 -0.862377 0.0355041 0.712368 0.86278 0.505535 0.00678203 0.541586 -0.0237972 0.0272072 0.999347 0.771262
0.50502 -0.862378 0.0355041 0.712368 0.86278 0.505535 0.00678203 0.541586 -0.0237972 0.0272072 0.999347 0.771262
0.50502 -0.862378 0.0355041 0.712368 0.86278 0.505535 0.00678202 0.541586 -0.0237972 0.0272072 0.999347 0.771262
0.50502 -0.862378 0.0355041 0.712368 0.86278 0.505535 0.00678202 0.541586 -0.0237972 0.0272072 0.999347 0.771262
0.50502 -0.862378 0.0355041 0.712368 0.86278 0.505535 0.00678202 0.541586 -0.0237972 0.0272072 0.999348 0.771262
0.50502 -0.862378 0.0355041 0.712367 0.862781 0.505536 0.00678202 0.541585 -0.0237972 0.0272072 0.999348 0.771261
0.50502 -0.862378 0.0355041 0.712367 0.862781 0.505536 0.00678201 0.541585 -0.0237972 0.0272072 0.999348 0.771261
0.505021 -0.862378 0.0355041 0.712367 0.862781 0.505536 0.006782 0.541585 -0.0237972 0.0272072 0.999348 0.771261
0.505021 -0.862378 0.0355041 0.712367 0.862781 0.505536 0.006782 0.541585 -0.0237973 0.0272072 0.999349 0.771261
0.505021 -0.862378 0.0355041 0.712366 0.862781 0.505536 0.00678198 0.541585 -0.0237973 0.0272072 0.999349 0.771261
0.505021 -0.862378 0.0355041 0.712366 0.862781 0.505537 0.00678197 0.541585 -0.0237973 0.0272072 0.999349 0.771261
0.505021 -0.862378 0.0355041 0.712366 0.862782 0.505537 0.00678196 0.541585 -0.0237973 0.0272072 0.999349 0.771261
0.505021 -0.862377 0.0355041 0.712366 0.862782 0.505537 0.00678195 0.541585 -0.0237973 0.0272072 0.999349 0.771261
0.505022 -0.862377 0.035504 0.712365 0.862782 0.505537 0.00678193 0.541585 -0.0237973 0.0272071 0.999349 0.771261
0.505022 -0.862377 0.035504 0.712365 0.862782 0.505537 0.00678192 0.541584 -0.0237973 0.0272071 0.999349 0.771261
0.505022 -0.862377 0.035504 0.712365 0.862782 0.505537 0.0067819 0.541584 -0.0237973 0.0272071 0.999349 0.771261
0.505023 -0.862376 0.035504 0.712365 0.862782 0.505536 0.00678189 0.541584 -0.0237973 0.0272071 0.999349 0.771261
0.505023 -0.862376 0.0355039 0.712364 0.862782 0.505536 0.00678187 0.541584 -0.0237974 0.0272071 0.999349 0.771261
0.505024 -0.862376 0.0355039 0.712364 0.862782 0.505536 0.00678185 0.541583 -0.0237974 0.0272071 0.999349 0.771261
0.505024 -0.862375 0.0355039 0.712364 0.862781 0.505536 0.00678182 0.541583 -0.0237974 0.027207 0.999349 0.771261
0.505025 -0.862375 0.0355039 0.712363 0.862781 0.505536 0.0067818 0.541582 -0.0237974 0.027207 0.999349 0.77126
0.505025 -0.862375 0.0355039 0.712363 0.862781 0.505536 0.00678178 0.541582 -0.0237974 0.027207 0.999349 0.77126
0.505026 -0.862374 0.0355038 0.712363 0.86278 0.505536 0.00678175 0.541582 -0.0237974 0.027207 0.999348 0.77126
0.505026 -0.862374 0.0355038 0.712363 0.86278 0.505536 0.00678173 0.541581 -0.0237974 0.027207 0.999348 0.77126
0.505027 -0.862374 0.0355038 0.712363 0.86278 0.505536 0.0067817 0.541581 -0.0237974 0.027207 0.999348 0.77126
0.505027 -0.862374 0.0355038 0.712362 0.862779 0.505536 0.00678167 0.54158 -0.0237974 0.0272069 0.999348 0.77126
0.505027 -0.862374 0.0355037 0.712362 0.862779 0.505536 0.00678164 0.54158 -0.0237975 0.0272069 0.999348 0.77126
0.505028 -0.862374 0.0355037 0.712362 0.862779 0.505536 0.00678161 0.541579 -0.0237975 0.0272069 0.999348 0.77126
0.505028 -0.862374 0.0355037 0.712361 0.862778 0.505536 0.00678158 0.541579 -0.0237975 0.0272069 0.999348 0.771259
0.505028 -0.862374 0.0355037 0.712361 0.862778 0.505536 0.00678155 0.541578 -0.0237975 0.0272069 0.999348 0.771259
0.505028 -0.862375 0.0355037 0.712361 0.862778 0.505536 0.00678152 0.541578 -0.0237975 0.0272069 0.999348 0.771259
0.505028 -0.862375 0.0355037 0.712361 0.862778 0.505536 0.00678149 0.541577 -0.0237975 0.0272069 0.999348 0.771259
0.505029 -0.862375 0.0355036 0.712361 0.862777 0.505536 0.00678146 0.541576 -0.0237975 0.0272069 0.999348 0.771258
0.505029 -0.862375 0.0355036 0.71236 0.862777 0.505536 0.00678143 0.541576 -0.0237975 0.0272068 0.999348 0.771258
0.505029 -0.862376 0.0355036 0.71236 0.862777 0.505536 0.00678141 0.541575 -0.0237975 0.0272068 0.999348 0.771257
0.505029 -0.862376 0.0355036 0.71236 0.862777 0.505536 0.00678138 0.541575 -0.0237975 0.0272068 0.999348 0.771257
0.505029 -0.862377 0.0355036 0.71236 0.862777 0.505536 0.00678136 0.541574 -0.0237975 0.0272068 0.999348 0.771256
0.505029 -0.862378 0.0355036 0.71236 0.862777 0.505536 0.00678134 0.541574 -0.0237975 0.0272068 0.999348 0.771256
0.50503 -0.862378 0.0355036 0.71236 0.862777 0.505537 0.00678132 0.541573 -0.0237975 0.0272068 0.999348 0.771255
0.50503 -0.862379 0.0355036 0.71236 0.862777 0.505537 0.00678131 0.541573 -0.0237975 0.0272068 0.999348 0.771255
0.50503 -0.86238 0.0355036 0.71236 0.862777 0.505537 0.00678129 0.541572 -0.0237975 0.0272068 0.999348 0.771254
0.50503 -0.86238 0.0355036 0.71236 0.862777 0.505537 0.00678127 0.541571 -0.0237975 0.0272068 0.999348 0.771253
0.50503 -0.862381 0.0355035 0.71236 0.862777 0.505537 0.00678125 0.541571 -0.0237974 0.0272068 0.999348 0.771253
0.50503 -0.862382 0.0355035 0.71236 0.862777 0.505538 0.00678122 0.54157 -0.0237974 0.0272068 0.999348 0.771252
0.50503 -0.862382 0.0355035 0.71236 0.862777 0.505538 0.0067812 0.541569 -0.0237974 0.0272068 0.999348 0.771251
0.50503 -0.862383 0.0355035 0.71236 0.862777 0.505538 0.00678117 0.541569 -0.0237974 0.0272068 0.999347 0.77125
0.50503 -0.862383 0.0355035 0.71236 0.862777 0.505538 0.00678116 0.541568 -0.0237974 0.0272068 0.999347 0.77125
0.50503 -0.862384 0.0355034 0.71236 0.862777 0.505538 0.00678114 0.541568 -0.0237974 0.0272068 0.999347 0.771249
0.50503 -0.862384 0.0355034 0.71236 0.862777 0.505539 0.00678112 0.541567 -0.0237974 0.0272067 0.999347 0.771248
0.50503 -0.862385 0.0355034 0.71236 0.862777 0.505539 0.0067811 0.541567 -0.0237974 0.0272067 0.999346 0.771247
0.50503 -0.862386 0.0355033 0.71236 0.862777 0.505539 0.00678109 0.541566 -0.0237973 0.0272067 0.999346 0.771246
0.50503 -0.862386 0.0355033 0.71236 0.862777 0.505539 0.00678107 0.541566 -0.0237973 0.0272067 0.999346 0.771246
0.50503 -0.862387 0.0355033 0.71236 0.862777 0.505539 0.00678106 0.541565 -0.0237973 0.0272067 0.999345 0.771245
0.505029 -0.862387 0.0355032 0.712361 0.862777 0.505539 0.00678104 0.541565 -0.0237973 0.0272067 0.999345 0.771244
0.505029 -0.862388 0.0355032 0.712361 0.862777 0.50554 0.00678103 0.541565 -0.0237973 0.0272067 0.999345 0.771244
0.505029 -0.862389 0.0355032 0.712361 0.862777 0.50554 0.00678102 0.541564 -0.0237972 0.0272066 0.999344 0.771243
0.505029 -0.862389 0.0355031 0.712361 0.862777 0.50554 0.00678101 0.541564 -0.0237972 0.0272066 0.999344 0.771243
0.505029 -0.86239 0.0355031 0.712361 0.862778 0.50554 0.00678101 0.541564 -0.0237972 0.0272066 0.999344 0.771242
0.505028 -0.862391 0.0355031 0.712361 0.862778 0.505541 0.006781 0.541564 -0.0237971 0.0272066 0.999343 0.771241
0.505028 -0.862391 0.035503 0.712362 0.862778 0.505541 0.006781 0.541564 -0.0237971 0.0272066 0.999343 0.771241
0.505027 -0.862392 0.035503 0.712362 0.862779 0.505541 0.00678099 0.541564 -0.0237971 0.0272066 0.999343 0.77124
0.505027 -0.862393 0.035503 0.712362 0.862779 0.505541 0.00678098 0.541564 -0.0237971 0.0272066 0.999342 0.77124
0.505026 -0.862393 0.0355029 0.712362 0.862779 0.505541 0.00678098 0.541564 -0.023797 0.0272065 0.999342 0.771239
0.505025 -0.862394 0.0355029 0.712362 0.86278 0.505542 0.00678097 0.541563 -0.023797 0.0272065 0.999341 0.771239
0.505024 -0.862394 0.0355029 0.712362 0.86278 0.505542 0.00678095 0.541563 -0.0237969 0.0272065 0.999341 0.771238
0.505024 -0.862395 0.0355028 0.712363 0.86278 0.505542 0.00678094 0.541563 -0.0237969 0.0272065 0.99934 0.771237
0.505023 -0.862395 0.0355028 0.712363 0.86278 0.505542 0.00678093 0.541563 -0.0237969 0.0272065 0.999339 0.771237
0.505022 -0.862396 0.0355028 0.712363 0.86278 0.505541 0.00678091 0.541563 -0.0237968 0.0272065 0.999339 0.771236
0.505021 -0.862396 0.0355027 0.712363 0.86278 0.505541 0.00678091 0.541563 -0.0237968 0.0272065 0.999338 0.771236
0.50502 -0.862397 0.0355027 0.712364 0.86278 0.505541 0.0067809 0.541563 -0.0237968 0.0272064 0.999338 0.771235
0.50502 -0.862397 0.0355027 0.712364 0.86278 0.505541 0.00678089 0.541563 -0.0237967 0.0272064 0.999337 0.771235
0.505019 -0.862398 0.0355026 0.712364 0.86278 0.505541 0.00678088 0.541563 -0.0237967 0.0272064 0.999336 0.771234
0.505018 -0.862399 0.0355026 0.712365 0.86278 0.505541 0.00678087 0.541563 -0.0237966 0.0272064 0.999336 0.771233
0.505018 -0.862399 0.0355025 0.712365 0.862781 0.505541 0.00678087 0.541563 -0.0237966 0.0272064 0.999335 0.771233
0.505017 -0.8624 0.0355025 0.712365 0.862781 0.50554 0.00678086 0.541564 -0.0237966 0.0272064 0.999335 0.771232
0.505016 -0.862401 0.0355024 0.712365 0.862781 0.50554 0.00678086 0.541564 -0.0237965 0.0272064 0.999334 0.771232
0.505015 -0.862402 0.0355024 0.712366 0.862781 0.50554 0.00678086 0.541564 -0.0237965 0.0272064 0.999333 0.771231
0.505014 -0.862403 0.0355023 0.712366 0.862781 0.50554 0.00678085 0.541565 -0.0237965 0.0272064 0.999332 0.771231
0.505013 -0.862403 0.0355023 0.712366 0.862782 0.50554 0.00678085 0.541565 -0.0237964 0.0272064 0.999331 0.77123
0.505012 -0.862404 0.0355022 0.712366 0.862782 0.50554 0.00678085 0.541566 -0.0237964 0.0272064 0.999331 0.771229
0.505012 -0.862405 0.0355022 0.712367 0.862782 0.50554 0.00678085 0.541566 -0.0237963 0.0272064 0.99933 0.771229
0.505011 -0.862406 0.0355021 0.712367 0.862782 0.50554 0.00678084 0.541567 -0.0237963 0.0272064 0.999329 0.771228
0.50501 -0.862406 0.0355021 0.712367 0.862782 0.505539 0.00678084 0.541567 -0.0237962 0.0272064 0.999328 0.771228
0.505009 -0.862407 0.035502 0.712367 0.862782 0.505539 0.00678084 0.541568 -0.0237962 0.0272063 0.999327 0.771227
0.505008 -0.862408 0.0355019 0.712367 0.862782 0.505539 0.00678084 0.541568 -0.0237961 0.0272063 0.999326 0.771227
0.505007 -0.862409 0.0355019 0.712367 0.862782 0.505539 0.00678083 0.541568 -0.0237961 0.0272063 0.999325 0.771226
0.505006 -0.86241 0.0355018 0.712368 0.862783 0.505539 0.00678083 0.541569 -0.023796 0.0272063 0.999324 0.771226
0.505005 -0.862411 0.0355018 0.712368 0.862783 0.505539 0.00678082 0.54157 -0.023796 0.0272063 0.999323 0.771226
0.505004 -0.862412 0.0355017 0.712368 0.862783 0.505539 0.00678082 0.54157 -0.0237959 0.0272063 0.999322 0.771225
0.505003 -0.862413 0.0355016 0.712369 0.862784 0.505539 0.00678083 0.541571 -0.0237959 0.0272063 0.999321 0.771225
0.505003 -0.862414 0.0355016 0.712369 0.862784 0.505539 0.00678083 0.541571 -0.0237958 0.0272063 0.99932 0.771224
0.505002 -0.862415 0.0355015 0.71237 0.862785 0.505539 0.00678083 0.541572 -0.0237958 0.0272063 0.999319 0.771224
0.505001 -0.862416 0.0355015 0.712371 0.862786 0.505539 0.00678084 0.541573 -0.0237958 0.0272063 0.999318 0.771223
0.505001 -0.862417 0.0355014 0.712371 0.862786 0.505539 0.00678084 0.541573 -0.0237957 0.0272063 0.999317 0.771223
0.505 -0.862418 0.0355014 0.712372 0.862787 0.505539 0.00678085 0.541574 -0.0237957 0.0272063 0.999317 0.771222
0.505 -0.862419 0.0355013 0.712373 0.862788 0.505539 0.00678086 0.541575 -0.0237957 0.0272063 0.999316 0.771222
0.504999 -0.86242 0.0355013 0.712373 0.862789 0.505538 0.00678087 0.541576 -0.0237956 0.0272063 0.999315 0.771221
0.504998 -0.862421 0.0355012 0.712374 0.862789 0.505538 0.00678088 0.541577 -0.0237956 0.0272063 0.999314 0.77122
0.504997 -0.862421 0.0355012 0.712375 0.86279 0.505538 0.00678089 0.541578 -0.0237956 0.0272063 0.999313 0.77122
0.504996 -0.862422 0.0355011 0.712375 0.862791 0.505537 0.0067809 0.541579 -0.0237955 0.0272063 0.999312 0.771219
0.504996 -0.862423 0.035501 0.712376 0.862791 0.505537 0.00678091 0.541579 -0.0237955 0.0272063 0.999311 0.771219
0.504995 -0.862424 0.035501 0.712377 0.862792 0.505536 0.00678092 0.54158 -0.0237955 0.0272063 0.99931 0.771218
0.504994 -0.862426 0.0355009 0.712377 0.862793 0.505536 0.00678092 0.541581 -0.0237954 0.0272063 0.999309 0.771217
0.504993 -0.862427 0.0355009 0.712378 0.862794 0.505536 0.00678093 0.541581 -0.0237954 0.0272063 0.999308 0.771217
0.504993 -0.862428 0.0355008 0.712378 0.862794 0.505535 0.00678094 0.541582 -0.0237954 0.0272063 0.999307 0.771216
0.504992 -0.862429 0.0355007 0.712379 0.862795 0.505535 0.00678095 0.541583 -0.0237953 0.0272063 0.999306 0.771216
0.504991 -0.86243 0.0355007 0.71238 0.862796 0.505534 0.00678096 0.541584 -0.0237953 0.0272062 0.999305 0.771215
0.50499 -0.862431 0.0355006 0.71238 0.862797 0.505534 0.00678097 0.541585 -0.0237953 0.0272062 0.999304 0.771215
0.50499 -0.862432 0.0355005 0.712381 0.862798 0.505533 0.00678098 0.541586 -0.0237952 0.0272062 0.999303 0.771215
0.504989 -0.862433 0.0355005 0.712381 0.862799 0.505532 0.006781 0.541587 -0.0237952 0.0272062 0.999302 0.771214
0.504988 -0.862434 0.0355004 0.712382 0.862801 0.505532 0.00678101 0.541588 -0.0237952 0.0272062 0.9993 0.771214
0.504988 -0.862435 0.0355003 0.712382 0.862802 0.505531 0.00678103 0.541588 -0.0237952 0.0272062 0.999299 0.771214
0.504987 -0.862436 0.0355003 0.712383 0.862803 0.50553 0.00678104 0.541589 -0.0237951 0.0272062 0.999298 0.771214
0.504986 -0.862437 0.0355002 0.712383 0.862804 0.50553 0.00678106 0.54159 -0.0237951 0.0272062 0.999296 0.771213
0.504986 -0.862439 0.0355002 0.712384 0.862806 0.505529 0.00678108 0.541591 -0.0237951 0.0272062 0.999295 0.771213
0.504985 -0.86244 0.0355001 0.712384 0.862807 0.505528 0.0067811 0.541592 -0.0237951 0.0272062 0.999294 0.771213
0.504985 -0.862441 0.0355001 0.712385 0.862809 0.505527 0.00678113 0.541593 -0.0237951 0.0272063 0.999292 0.771212
0.504984 -0.862442 0.0355 0.712386 0.86281 0.505526 0.00678115 0.541595 -0.023795 0.0272063 0.999291 0.771212
0.504984 -0.862443 0.0355 0.712386 0.862812 0.505525 0.00678118 0.541596 -0.023795 0.0272063 0.99929 0.771211
0.504983 -0.862444 0.0354999 0.712387 0.862814 0.505524 0.00678121 0.541597 -0.023795 0.0272063 0.999289 0.771211
0.504983 -0.862445 0.0354999 0.712387 0.862815 0.505523 0.00678124 0.541598 -0.023795 0.0272063 0.999287 0.771211
0.504983 -0.862447 0.0354999 0.712388 0.862817 0.505522 0.00678127 0.5416 -0.023795 0.0272063 0.999286 0.77121
0.504983 -0.862448 0.0354998 0.712388 0.862819 0.505521 0.00678131 0.541601 -0.023795 0.0272063 0.999285 0.77121
0.504982 -0.862449 0.0354998 0.712389 0.862821 0.50552 0.00678133 0.541602 -0.023795 0.0272063 0.999284 0.77121
0.504982 -0.86245 0.0354998 0.71239 0.862823 0.505519 0.00678137 0.541603 -0.023795 0.0272063 0.999283 0.771209
0.504982 -0.862451 0.0354998 0.712391 0.862825 0.505518 0.0067814 0.541604 -0.023795 0.0272063 0.999282 0.771209
0.504982 -0.862453 0.0354998 0.712391 0.862827 0.505517 0.00678144 0.541605 -0.0237949 0.0272063 0.999281 0.771208
0.504981 -0.862454 0.0354997 0.712392 0.862828 0.505516 0.00678147 0.541607 -0.0237949 0.0272063 0.999279 0.771208
0.504981 -0.862455 0.0354997 0.712393 0.86283 0.505515 0.00678151 0.541608 -0.0237949 0.0272063 0.999278 0.771208
0.504981 -0.862457 0.0354997 0.712394 0.862832 0.505515 0.00678154 0.541609 -0.0237949 0.0272063 0.999277 0.771207
0.504981 -0.862458 0.0354997 0.712395 0.862834 0.505514 0.00678158 0.54161 -0.0237949 0.0272063 0.999277 0.771206
0.50498 -0.862459 0.0354997 0.712395 0.862836 0.505513 0.00678162 0.541612 -0.0237949 0.0272063 0.999276 0.771206
0.50498 -0.86246 0.0354997 0.712396 0.862838 0.505512 0.00678166 0.541613 -0.0237949 0.0272063 0.999275 0.771205
0.504979 -0.862462 0.0354996 0.712397 0.86284 0.505511 0.0067817 0.541614 -0.0237948 0.0272063 0.999274 0.771205
0.504979 -0.862463 0.0354996 0.712398 0.862841 0.50551 0.00678175 0.541616 -0.0237948 0.0272063 0.999273 0.771204
0.504979 -0.862464 0.0354996 0.712399 0.862843 0.505509 0.00678179 0.541617 -0.0237948 0.0272063 0.999272 0.771203
0.504978 -0.862466 0.0354996 0.7124 0.862845 0.505508 0.00678184 0.541619 -0.0237948 0.0272063 0.999271 0.771203
0.504978 -0.862467 0.0354995 0.712401 0.862847 0.505507 0.00678189 0.54162 -0.0237947 0.0272063 0.99927 0.771202
0.504977 -0.862468 0.0354995 0.712402 0.862849 0.505506 0.00678194 0.541622 -0.0237947 0.0272063 0.99927 0.771201
0.504977 -0.86247 0.0354995 0.712403 0.862851 0.505505 0.00678198 0.541623 -0.0237947 0.0272063 0.999269 0.7712
0.504977 -0.862471 0.0354994 0.712404 0.862853 0.505504 0.00678203 0.541625 -0.0237947 0.0272062 0.999268 0.7712
0.504976 -0.862472 0.0354994 0.712405 0.862855 0.505504 0.00678207 0.541627 -0.0237947 0.0272062 0.999267 0.771199
0.504976 -0.862473 0.0354994 0.712406 0.862857 0.505503 0.00678212 0.541628 -0.0237946 0.0272062 0.999266 0.771198
0.504975 -0.862474 0.0354993 0.712407 0.862859 0.505502 0.00678216 0.54163 -0.0237946 0.0272062 0.999265 0.771197
0.504974 -0.862475 0.0354993 0.712408 0.862861 0.505501 0.00678221 0.541632 -0.0237946 0.0272062 0.999264 0.771196
0.504974 -0.862476 0.0354992 0.712409 0.862863 0.5055 0.00678225 0.541634 -0.0237946 0.0272061 0.999263 0.771195
0.504973 -0.862477 0.0354992 0.71241 0.862864 0.505499 0.00678229 0.541636 -0.0237945 0.0272061 0.999262 0.771194
0.504972 -0.862479 0.0354991 0.712411 0.862866 0.505498 0.00678233 0.541638 -0.0237945 0.0272061 0.999261 0.771192
0.504971 -0.86248 0.0354991 0.712412 0.862868 0.505498 0.00678238 0.541639 -0.0237944 0.0272061 0.99926 0.771191
0.504971 -0.862481 0.035499 0.712413 0.86287 0.505497 0.00678242 0.541641 -0.0237944 0.0272061 0.999259 0.77119
0.50497 -0.862483 0.0354989 0.712414 0.862871 0.505496 0.00678246 0.541643 -0.0237943 0.027206 0.999257 0.771189
0.504969 -0.862484 0.0354989 0.712415 0.862873 0.505496 0.0067825 0.541644 -0.0237943 0.027206 0.999256 0.771187
0.504968 -0.862485 0.0354988 0.712416 0.862875 0.505495 0.00678254 0.541646 -0.0237943 0.027206 0.999255 0.771186
0.504968 -0.862487 0.0354987 0.712417 0.862877 0.505495 0.00678258 0.541647 -0.0237942 0.027206 0.999254 0.771185
0.504967 -0.862488 0.0354987 0.712418 0.862879 0.505494 0.00678263 0.541649 -0.0237942 0.0272059 0.999253 0.771183
0.504966 -0.86249 0.0354986 0.712419 0.86288 0.505494 0.00678267 0.54165 -0.0237941 0.0272059 0.999251 0.771182
0.504965 -0.862492 0.0354986 0.71242 0.862882 0.505493 0.00678271 0.541652 -0.0237941 0.0272059 0.99925 0.77118
0.504965 -0.862493 0.0354985 0.712421 0.862884 0.505493 0.00678275 0.541653 -0.0237941 0.0272059 0.999249 0.771179
0.504964 -0.862495 0.0354985 0.712423 0.862886 0.505492 0.0067828 0.541655 -0.023794 0.0272059 0.999248 0.771177
0.504964 -0.862497 0.0354984 0.712424 0.862888 0.505492 0.00678284 0.541656 -0.023794 0.0272058 0.999247 0.771175
0.504963 -0.862499 0.0354984 0.712425 0.862889 0.505492 0.00678288 0.541657 -0.0237939 0.0272058 0.999246 0.771174
0.504963 -0.862501 0.0354983 0.712426 0.862891 0.505492 0.00678293 0.541659 -0.0237939 0.0272058 0.999245 0.771172
0.504962 -0.862503 0.0354983 0.712427 0.862893 0.505491 0.00678298 0.54166 -0.0237939 0.0272058 0.999243 0.771171
0.504962 -0.862505 0.0354982 0.712428 0.862895 0.505491 0.00678302 0.541661 -0.0237939 0.0272058 0.999242 0.771169
0.504962 -0.862507 0.0354982 0.712429 0.862898 0.505491 0.00678307 0.541662 -0.0237938 0.0272058 0.999241 0.771167
0.504961 -0.862509 0.0354981 0.71243 0.8629 0.505491 0.00678311 0.541663 -0.0237938 0.0272058 0.99924 0.771166
0.504961 -0.862511 0.0354981 0.712432 0.862902 0.505491 0.00678316 0.541664 -0.0237938 0.0272058 0.999239 0.771164
0.504961 -0.862514 0.035498 0.712433 0.862904 0.505492 0.0067832 0.541665 -0.0237937 0.0272058 0.999237 0.771162
0.50496 -0.862516 0.035498 0.712434 0.862907 0.505492 0.00678324 0.541666 -0.0237937 0.0272058 0.999236 0.77116
0.50496 -0.862518 0.0354979 0.712435 0.862909 0.505492 0.00678329 0.541668 -0.0237937 0.0272058 0.999235 0.771158
0.504959 -0.862521 0.0354979 0.712436 0.862911 0.505492 0.00678334 0.541669 -0.0237937 0.0272058 0.999233 0.771156
0.504959 -0.862523 0.0354978 0.712437 0.862914 0.505492 0.00678339 0.54167 -0.0237937 0.0272058 0.999232 0.771155
0.504959 -0.862525 0.0354978 0.712438 0.862916 0.505492 0.00678344 0.541671 -0.0237936 0.0272059 0.999231 0.771153
0.504958 -0.862527 0.0354978 0.712439 0.862919 0.505492 0.00678349 0.541672 -0.0237936 0.0272059 0.99923 0.771151
0.504958 -0.86253 0.0354977 0.71244 0.862921 0.505492 0.00678355 0.541673 -0.0237936 0.0272059 0.999229 0.77115
0.504958 -0.862532 0.0354977 0.712441 0.862924 0.505492 0.0067836 0.541674 -0.0237936 0.0272059 0.999228 0.771148
0.504957 -0.862535 0.0354977 0.712443 0.862926 0.505492 0.00678366 0.541675 -0.0237936 0.027206 0.999227 0.771146
0.504957 -0.862537 0.0354976 0.712444 0.862929 0.505493 0.00678372 0.541676 -0.0237936 0.027206 0.999225 0.771145
0.504957 -0.86254 0.0354976 0.712445 0.862931 0.505493 0.00678378 0.541678 -0.0237936 0.027206 0.999224 0.771143
0.504957 -0.862542 0.0354976 0.712446 0.862933 0.505493 0.00678384 0.541679 -0.0237936 0.027206 0.999223 0.771141
0.504956 -0.862545 0.0354975 0.712447 0.862936 0.505493 0.0067839 0.54168 -0.0237936 0.027206 0.999222 0.77114
0.504956 -0.862547 0.0354975 0.712448 0.862938 0.505493 0.00678396 0.541681 -0.0237936 0.0272061 0.999222 0.771138
0.504956 -0.862549 0.0354975 0.71245 0.862941 0.505493 0.00678402 0.541682 -0.0237936 0.0272061 0.999221 0.771136
0.504956 -0.862551 0.0354974 0.712451 0.862943 0.505493 0.00678408 0.541683 -0.0237935 0.0272061 0.99922 0.771134
0.504956 -0.862553 0.0354974 0.712452 0.862945 0.505492 0.00678415 0.541684 -0.0237935 0.0272061 0.999219 0.771133
0.504956 -0.862555 0.0354974 0.712453 0.862948 0.505492 0.00678421 0.541685 -0.0237935 0.0272061 0.999218 0.771131
0.504955 -0.862557 0.0354973 0.712454 0.86295 0.505492 0.00678427 0.541686 -0.0237935 0.0272061 0.999217 0.771129
0.504955 -0.862559 0.0354973 0.712455 0.862953 0.505492 0.00678433 0.541687 -0.0237935 0.0272061 0.999216 0.771128
0.504955 -0.862561 0.0354972 0.712457 0.862955 0.505492 0.00678439 0.541688 -0.0237935 0.0272061 0.999215 0.771126
0.504955 -0.862562 0.0354972 0.712458 0.862957 0.505491 0.00678444 0.541689 -0.0237935 0.0272061 0.999214 0.771124
0.504954 -0.862564 0.0354972 0.712459 0.86296 0.505491 0.0067845 0.54169 -0.0237935 0.0272061 0.999213 0.771122
0.504954 -0.862566 0.0354971 0.71246 0.862962 0.50549 0.00678456 0.541691 -0.0237935 0.0272061 0.999212 0.77112
0.504954 -0.862567 0.0354971 0.712461 0.862964 0.50549 0.00678463 0.541692 -0.0237935 0.0272061 0.999211 0.771119
0.504953 -0.862568 0.035497 0.712462 0.862966 0.505489 0.00678469 0.541693 -0.0237935 0.0272061 0.99921 0.771117
0.504953 -0.86257 0.035497 0.712463 0.862969 0.505489 0.00678475 0.541694 -0.0237935 0.0272061 0.99921 0.771115
0.504952 -0.862571 0.0354969 0.712464 0.862971 0.505488 0.00678481 0.541695 -0.0237934 0.0272061 0.999209 0.771113
0.504952 -0.862572 0.0354968 0.712465 0.862973 0.505487 0.00678487 0.541697 -0.0237934 0.0272061 0.999208 0.771111
0.504952 -0.862574 0.0354968 0.712465 0.862975 0.505486 0.00678493 0.541698 -0.0237934 0.027206 0.999207 0.77111
0.504951 -0.862575 0.0354967 0.712466 0.862977 0.505486 0.006785 0.541699 -0.0237934 0.027206 0.999206 0.771108
